100
69000
video
3450
1725
21200
beer
1060
530
55000
potato
2750
1375
84800
tool
4240
2120
14600
food
730
365
35600
animal
1780
890
91800
computer
4590
2295
38400
animal
1920
960
58600
potato
2930
1465
62000
video
3100
1550
33400
animal
1670
835
48800
computer
2440
1220
39400
animal
1970
985
16400
food
820
410
14200
food
710
355
85600
tool
4280
2140
17000
food
850
425
69200
video
3460
1730
5400
toy
270
135
56000
potato
2800
1400
88200
tool
4410
2205
12400
food
620
310
15000
food
750
375
60800
video
3040
1520
90600
computer
4530
2265
42000
computer
2100
1050
61400
video
3070
1535
51200
potato
2560
1280
29000
beer
1450
725
70800
xmas
3540
1770
15000
food
750
375
1111111
toy
30
40
50600
potato
2530
1265
46800
computer
2340
1170
56600
potato
2830
1415
51200
potato
2560
1280
57800
potato
2890
1445
62800
video
3140
1570
21400
beer
1070
535
91200
computer
4560
2280
85800
tool
4290
2145
84400
tool
4220
2110
10200
food
510
255
35200
animal
1760
880
21800
beer
1090
545
400
toy
20
10
3800
toy
190
95
42400
computer
2120
1060
8200
toy
410
205
86000
tool
4300
2150
65400
video
3270
1635
1600
toy
80
40
51400
potato
2570
1285
56400
potato
2820
1410
45400
computer
2270
1135
34400
animal
1720
860
41000
computer
2050
1025
57200
potato
2860
1430
24600
beer
1230
615
5600
toy
280
140
71400
xmas
3570
1785
58000
potato
2900
1450
55000
potato
2750
1375
6400
toy
320
160
19400
food
970
485
62000
video
3100
1550
15800
food
790
395
63200
video
3160
1580
39400
animal
1970
985
54000
potato
2700
1350
17400
food
870
435
56000
potato
2800
1400
11400
food
570
285
73200
xmas
3660
1830
38200
animal
1910
955
88000
tool
4400
2200
63400
video
3170
1585
78000
xmas
3900
1950
82200
tool
4110
2055
83200
tool
4160
2080
91400
computer
4570
2285
26000
beer
1300
650
35000
animal
1750
875
60800
video
3040
1520
21000
beer
1050
525
10800
food
540
270
72600
xmas
3630
1815
26400
beer
1320
660
60200
video
3010
1505
34000
animal
1700
850
75000
xmas
3750
1875
24800
beer
1240
620
72200
xmas
3610
1805
72400
xmas
3620
1810
99000
computer
4950
2475
76000
xmas
3800
1900
77000
xmas
3850
1925
90000
computer
4500
2250
24600
beer
1230
615
2400
toy
120
60
